5 6661.51
5.0101 6741.32
5.0202 6818.05
5.0303 6891.83
5.0404 6962.79
5.05051 7031.09
5.06061 7096.84
5.07071 7160.2
5.08081 7221.3
5.09091 7280.27
5.10101 7337.25
5.11111 7392.39
5.12121 7445.81
5.13131 7497.66
5.14141 7548.06
5.15152 7597.17
5.16162 7645.12
5.17172 7692.04
5.18182 7738.07
5.19192 7783.35
5.20202 7828.01
5.21212 7872.2
5.22222 7916.05
5.23232 7959.7
5.24242 8003.28
5.25253 8046.94
5.26263 8090.8
5.27273 8135.01
5.28283 8179.71
5.29293 8225.03
5.30303 8271.1
5.31313 8318.08
5.32323 8366.08
5.33333 8415.26
5.34343 8465.75
5.35354 8517.68
5.36364 8571.19
5.37374 8626.43
5.38384 8683.52
5.39394 8742.61
5.40404 8803.83
5.41414 8867.31
5.42424 8933.21
5.43434 9001.65
5.44444 9072.77
5.45455 9146.71
5.46465 9223.6
5.47475 9303.59
5.48485 9386.81
5.49495 9473.4
5.50505 9563.48
5.51515 9656.98
5.52525 9753.64
5.53535 9853.15
5.54545 9955.24
5.55556 10059.6
5.56566 10166
5.57576 10274.2
5.58586 10383.7
5.59596 10494.4
5.60606 10606
5.61616 10718.2
5.62626 10830.7
5.63636 10943.2
5.64646 11055.4
5.65657 11167.1
5.66667 11278
5.67677 11387.7
5.68687 11496.1
5.69697 11602.7
5.70707 11707.4
5.71717 11809.8
5.72727 11909.7
5.73737 12006.7
5.74747 12100.7
5.75758 12191.2
5.76768 12278.1
5.77778 12361
5.78788 12439.7
5.79798 12513.8
5.80808 12583.1
5.81818 12647.4
5.82828 12706.2
5.83838 12759.4
5.84848 12806.6
5.85859 12847.6
5.86869 12882
5.87879 12909.7
5.88889 12930.2
5.89899 12943.4
5.90909 12949
5.91919 12946.5
5.92929 12935.9
5.93939 12916.8
5.94949 12888.8
5.9596 12851.8
5.9697 12805.4
5.9798 12749.3
5.9899 12683.4
6 12607.2
